2123.93450  15.744   0.010
2130.92356  15.737   0.010
2131.92535  15.737   0.011
2132.92352  15.733   0.010
2134.92508  15.700   0.010
2140.92475  15.721   0.010
2142.91199  15.746   0.011
2144.92237  15.726   0.010
2156.89607  15.723   0.011
2161.86302  15.729   0.011
2173.87628  15.741   0.009
2190.80798  15.711   0.009
2192.84593  15.748   0.010
2201.83238  15.731   0.009
2214.81394  15.732   0.010
2221.75684  15.727   0.010
2224.76955  15.735   0.010
2227.67217  15.742   0.010
2229.68563  15.730   0.010
2230.82979  15.710   0.010
2234.84416  15.742   0.010
2237.76461  15.730   0.009
2241.68986  15.733   0.010
2243.74372  15.740   0.010
2247.82559  15.736   0.010
2248.82818  15.738   0.009
2250.81497  15.724   0.009
2252.67528  15.728   0.010
2254.66634  15.730   0.009
2257.67301  15.736   0.009
2260.67972  15.743   0.010
2264.68510  15.719   0.009
2266.67121  15.730   0.009
2270.67890  15.734   0.009
2271.81926  15.722   0.009
2272.82721  15.698   0.010
2274.66473  15.737   0.010
2276.77484  15.736   0.010
2277.82814  15.723   0.009
2279.84574  15.725   0.009
2280.81929  15.726   0.010
2282.70891  15.747   0.009
2283.87005  15.721   0.010
2288.77751  15.740   0.011
2290.81480  15.725   0.010
2292.78782  15.723   0.010
2294.76415  15.721   0.011
2296.77979  15.741   0.011
2298.73650  15.734   0.010
2300.74697  15.701   0.010
2302.72365  15.732   0.011
2304.76785  15.733   0.011
2323.59973  15.727   0.009
2327.58515  15.700   0.010
2333.59517  15.732   0.011
2339.57156  15.736   0.010
2345.53263  15.748   0.010
2351.51076  15.726   0.010
2369.50827  15.702   0.010
2385.49396  15.742   0.011
2529.83955  15.739   0.010
2539.84198  15.738   0.010
2545.81155  15.746   0.010
2552.86519  15.736   0.011
2556.85656  15.735   0.010
2560.76498  15.716   0.010
2564.87325  15.746   0.010
2573.86996  15.727   0.010
2578.79432  15.738   0.010
2583.84872  15.729   0.011
2590.75492  15.749   0.010
2596.76753  15.730   0.011
2605.79479  15.744   0.010
2609.76695  15.726   0.011
2614.72524  15.729   0.011
2618.78021  15.740   0.010
2621.70532  15.726   0.009
2624.61127  15.739   0.011
2627.70978  15.744   0.011
2629.73273  15.705   0.010
2632.65867  15.744   0.010
2635.70591  15.729   0.009
2638.67689  15.730   0.010
2640.77378  15.746   0.010
2642.73000  15.727   0.011
2644.73270  15.727   0.010
2646.68693  15.749   0.010
2650.74250  15.729   0.010
2652.79989  15.732   0.009
2654.76530  15.747   0.010
2656.67072  15.717   0.010
2658.63247  15.730   0.010
2660.65080  15.738   0.010
2662.66174  15.730   0.010
2664.64180  15.736   0.010
2666.70519  15.729   0.009
2668.69131  15.740   0.010
2670.65343  15.703   0.010
2672.79219  15.722   0.010
2674.69294  15.743   0.010
2676.68205  15.726   0.009
2678.73530  15.735   0.010
2680.64606  15.737   0.010
2682.69211  15.722   0.011
2687.57192  15.745   0.010
2693.53115  15.736   0.009
2696.56788  15.751   0.010
2701.54953  15.744   0.010
2707.55130  15.730   0.010
2714.54340  15.743   0.010
2839.92000  15.741   0.010
2867.89101  15.740   0.010
2885.86870  15.725   0.010
2892.89721  15.747   0.011
2897.86612  15.726   0.010
2907.78634  15.743   0.009
2911.82373  15.732   0.009
2916.87415  15.740   0.010
2922.85785  15.737   0.011
2926.78955  15.738   0.010
2930.85923  15.743   0.010
2934.76126  15.741   0.010
2940.74111  15.744   0.010
2943.74630  15.734   0.010
2947.75495  15.753   0.010
2949.84495  15.743   0.009
2953.71209  15.735   0.010
2956.73743  15.743   0.009
2958.76379  15.724   0.010
2962.77629  15.723   0.009
2965.79932  15.722   0.010
2968.66661  15.725   0.010
2973.79011  15.713   0.009
2976.80254  15.748   0.010
2978.71019  15.731   0.010
2980.72261  15.735   0.010
2982.71533  15.731   0.010
2984.76246  15.746   0.010
2986.84513  15.713   0.010
2988.81550  15.739   0.010
2989.77081  15.736   0.009
2991.66595  15.738   0.010
2993.68638  15.727   0.010
2995.75421  15.740   0.009
2997.73190  15.745   0.010
3001.79094  15.725   0.010
3003.76159  15.748   0.010
3005.72343  15.733   0.010
3007.64485  15.730   0.010
3009.64270  15.739   0.010
3011.74228  15.740   0.011
3017.74779  15.744   0.010
3019.67582  15.736   0.010
3021.79439  15.724   0.009
3023.65617  15.733   0.009
3025.62407  15.743   0.009
3027.67345  15.714   0.009
3029.65848  15.729   0.009
3031.72840  15.748   0.010
3033.79204  15.734   0.009
3035.79887  15.732   0.009
3038.77649  15.737   0.010
3041.61700  15.714   0.010
3043.65104  15.738   0.010
3045.71396  15.749   0.010
3047.66771  15.720   0.010
3048.59649  15.734   0.009
3050.61600  15.731   0.009
3052.61720  15.745   0.010
3054.61742  15.729   0.010
3056.60987  15.720   0.009
3058.60386  15.738   0.009
3060.65346  15.736   0.010
3068.53938  15.736   0.010
3070.60029  15.718   0.011
3073.63148  15.748   0.011
3078.64050  15.729   0.009
3082.61831  15.719   0.009
3085.51940  15.749   0.010
3087.65759  15.734   0.011
3090.62374  15.735   0.010
3096.53962  15.711   0.010
3099.60940  15.743   0.011
3102.58801  15.723   0.010
3104.57473  15.719   0.010
3107.55843  15.751   0.011
3110.55650  15.699   0.010
3113.53441  15.749   0.010
3128.50692  15.743   0.010
3140.51391  15.747   0.010
3216.87814  15.732   0.011
3248.86326  15.715   0.010
3257.89160  15.732   0.009
3264.81294  15.740   0.009
3270.87973  15.733   0.009
3274.76538  15.731   0.010
3277.88741  15.748   0.009
3287.76907  15.743   0.009
3295.72749  15.727   0.008
3297.71946  15.726   0.008
3299.78378  15.751   0.008
3301.78100  15.742   0.010
3304.84134  15.741   0.009
3307.71488  15.742   0.011
3309.74710  15.724   0.009
3311.74507  15.733   0.009
3320.78803  15.734   0.009
3323.73416  15.728   0.009
3327.76000  15.760   0.009
3330.71865  15.707   0.010
3334.81758  15.745   0.010
3338.86601  15.722   0.010
3339.76535  15.733   0.009
3354.78126  15.753   0.010
3358.82996  15.716   0.009
3365.76005  15.736   0.009
3372.77645  15.721   0.009
3378.68907  15.733   0.009
3387.68157  15.765   0.010
3391.75682  15.731   0.009
3395.71941  15.743   0.010
3399.72563  15.706   0.009
3403.71297  15.735   0.009
3406.68250  15.731   0.008
3410.63545  15.732   0.009
3415.63265  15.747   0.009
3420.62241  15.737   0.009
3427.59637  15.712   0.009
3433.61897  15.731   0.009
3438.54817  15.731   0.008
3446.50533  15.739   0.009
3455.52866  15.733   0.011
3461.52273  15.733   0.009
3473.48206  15.740   0.010
3575.94071  15.739   0.010
3592.93256  15.718   0.008
3619.83448  15.711   0.009
3629.90796  15.736   0.009
3633.87299  15.716   0.009
3639.78547  15.729   0.009
3644.82209  15.743   0.009
3651.76525  15.733   0.009
3654.81277  15.742   0.009
3658.77679  15.751   0.010
3661.84749  15.744   0.010
3672.80849  15.721   0.009
3676.76528  15.741   0.009
3684.82727  15.741   0.009
3687.80168  15.695   0.009
3690.72154  15.730   0.009
3693.75556  15.736   0.009
3695.78832  15.727   0.009
3698.77007  15.749   0.010
3700.79865  15.715   0.009
3703.72953  15.754   0.009
3705.79670  15.745   0.009
3708.78463  15.729   0.009
3712.74225  15.728   0.009
3714.81248  15.713   0.009
3717.67492  15.744   0.009
3719.84744  15.737   0.010
3721.80841  15.723   0.009
3726.70425  15.755   0.010
3730.73649  15.731   0.009
3732.72858  15.746   0.009
3734.85942  15.731   0.009
3737.76036  15.725   0.009
3739.83034  15.745   0.009
3741.84328  15.741   0.010
3743.74041  15.727   0.009
3746.78292  15.754   0.010
3748.73612  15.745   0.010
3749.74170  15.723   0.010
3751.75306  15.723   0.009
3753.70456  15.732   0.009
3755.70556  15.723   0.009
3757.69542  15.737   0.009
3759.76021  15.746   0.009
3762.78172  15.726   0.010
3765.76881  15.728   0.009
3770.64132  15.695   0.008
3773.70740  15.741   0.010
3776.67772  15.732   0.010
3779.63230  15.733   0.011
3782.74590  15.730   0.009
3787.60911  15.740   0.009
3792.55983  15.736   0.009
3800.54182  15.745   0.009
3809.54906  15.738   0.010
3823.50916  15.751   0.009
3946.93135  15.737   0.010
3964.88773  15.746   0.009
3969.91854  15.727   0.009
3981.88634  15.739   0.010
3989.91496  15.722   0.010
3998.87866  15.739   0.009
3999.84114  15.743   0.009
4001.89016  15.751   0.008
4004.85413  15.723   0.008
4005.86808  15.742   0.009
4008.73435  15.739   0.009
4011.90124  15.727   0.010
4018.86402  15.729   0.009
4024.73147  15.741   0.009
4026.80453  15.727   0.008
4029.75376  15.730   0.009
4032.76906  15.728   0.010
4038.73513  15.740   0.009
4041.69639  15.750   0.009
4043.70124  15.746   0.010
4046.79297  15.744   0.010
4049.66390  15.740   0.009
4052.72531  15.744   0.009
4054.71211  15.732   0.010
4056.77013  15.746   0.009
4058.80246  15.711   0.008
4063.70106  15.730   0.008
4066.75837  15.745   0.009
4068.66326  15.752   0.009
4070.68835  15.740   0.009
4074.75598  15.728   0.009
4077.80450  15.726   0.009
4079.84939  15.745   0.009
4083.69496  15.754   0.010
4085.76069  15.722   0.009
4093.74522  15.722   0.008
4102.85775  15.747   0.009
4105.81779  15.729   0.009
4109.78766  15.743   0.008
4113.74349  15.695   0.008
4120.77372  15.727   0.009
4122.73018  15.749   0.009
4125.78445  15.733   0.009
4132.67221  15.741   0.009
4142.72319  15.728   0.011
4156.55829  15.738   0.010
4168.51294  15.700   0.010
4197.49220  15.725   0.010
4341.92462  15.728   0.011
4347.87554  15.705   0.010
4353.80951  15.723   0.010
4358.90781  15.736   0.010
4364.87223  15.740   0.010
4367.89668  15.714   0.010
4371.76197  15.742   0.010
4377.81834  15.743   0.010
4380.83327  15.732   0.010
4386.80899  15.728   0.011
4390.77090  15.734   0.010
4394.72705  15.743   0.010
4399.74500  15.746   0.011
4412.72350  15.743   0.010
4418.81690  15.748   0.010
4421.86271  15.722   0.010
4426.76061  15.741   0.011
4430.68799  15.728   0.011
4432.74718  15.739   0.009
4436.78711  15.728   0.011
4439.85219  15.736   0.011
4443.74022  15.709   0.010
4449.70309  15.738   0.010
4451.71284  15.737   0.010
4455.71192  15.732   0.010
4457.74238  15.691   0.010
4460.81402  15.732   0.011
4463.73231  15.729   0.009
4466.72131  15.727   0.009
4470.66877  15.706   0.010
4473.71150  15.743   0.010
4477.76998  15.723   0.010
4482.77380  15.725   0.010
4486.75162  15.736   0.010
4491.72515  15.716   0.011
4494.67051  15.746   0.011
4498.70324  15.703   0.009
4501.70049  15.746   0.010
4506.63461  15.736   0.010
4508.65764  15.742   0.009
4510.72722  15.728   0.010
4517.66144  15.733   0.010
4521.64198  15.730   0.010
4524.60471  15.737   0.010
4530.63068  15.728   0.010
4532.65643  15.750   0.010
4536.62867  15.735   0.010
4539.51064  15.706   0.010
4541.61978  15.744   0.010
4545.54988  15.729   0.010
4556.58589  15.743   0.010
4561.57696  15.726   0.009
4568.53157  15.734   0.009
4588.48257  15.734   0.010
4607.47184  15.723   0.011
4683.92716  15.731   0.010
4697.88388  15.726   0.011
4708.86144  15.735   0.009
4720.79997  15.744   0.009
4724.85322  15.723   0.010
4728.84718  15.761   0.011
4733.85063  15.744   0.010
4748.80945  15.745   0.009
4749.69009  15.733   0.010
4750.79529  15.745   0.010
4752.88956  15.730   0.011
4757.78005  15.739   0.009
4760.78187  15.726   0.009
4763.84069  15.740   0.010
4769.71047  15.754   0.011
4772.72956  15.711   0.009
4775.75985  15.733   0.010
4777.68282  15.737   0.010
4777.77383  15.735   0.009
4778.67692  15.739   0.010
4779.67786  15.727   0.009
4780.69003  15.735   0.010
4780.85359  15.723   0.009
4781.65357  15.733   0.010
4781.80313  15.737   0.010
4782.64840  15.724   0.010
4783.67611  15.743   0.009
4784.72445  15.747   0.011
4788.82093  15.728   0.009
4791.83131  15.735   0.009
4792.69199  15.719   0.010
4794.80296  15.736   0.009
4796.68187  15.739   0.010
4797.82229  15.748   0.009
4800.79887  15.696   0.009
4803.64471  15.745   0.010
4805.74293  15.728   0.009
4806.65677  15.734   0.010
4806.79260  15.728   0.009
4807.78936  15.721   0.009
4808.68333  15.728   0.010
4809.72812  15.730   0.010
4812.76361  15.743   0.011
4814.76400  15.699   0.010
4816.76081  15.747   0.010
4818.78837  15.744   0.010
4820.76576  15.738   0.009
4823.79211  15.725   0.009
4824.66154  15.744   0.009
4825.66594  15.735   0.009
4826.70903  15.752   0.010
4833.71933  15.739   0.009
4834.64295  15.724   0.010
4834.85793  15.717   0.010
4835.70558  15.735   0.009
4837.71036  15.740   0.010
4837.75393  15.722   0.010
4838.64603  15.743   0.009
4838.81206  15.739   0.009
4839.65223  15.742   0.010
4839.80415  15.730   0.009
4840.63337  15.739   0.010
4840.82224  15.743   0.010
4841.77426  15.717   0.010
4842.63120  15.721   0.009
4843.76983  15.743   0.011
4846.73840  15.732   0.009
4848.74608  15.732   0.009
4853.76818  15.734   0.009
4855.78361  15.696   0.010
4857.76182  15.741   0.010
4859.75152  15.728   0.010
4865.73799  15.725   0.010
4868.73104  15.717   0.009
4871.65422  15.738   0.010
4874.59453  15.739   0.009
4876.56455  15.736   0.009
4878.67101  15.729   0.009
4879.64390  15.738   0.009
4885.57518  15.738   0.009
4888.65852  15.724   0.010
4890.52810  15.723   0.010
4890.61193  15.718   0.009
4891.54573  15.724   0.009
4891.63450  15.734   0.009
4892.53379  15.741   0.010
4899.53139  15.735   0.010
4900.68930  15.722   0.010
4901.52369  15.738   0.011
4902.56668  15.720   0.010
4902.65362  15.725   0.010
4903.51864  15.723   0.011
4904.53588  15.738   0.011
4905.53744  15.734   0.010
4908.61254  15.739   0.010
4917.55764  15.734   0.009
4921.57939  15.724   0.009
4927.57291  15.734   0.010
4931.58022  15.723   0.010
4935.54695  15.733   0.010
4939.55392  15.728   0.009
4943.55112  15.741   0.011
4944.47840  15.727   0.010
4945.47447  15.732   0.010
4946.47263  15.742   0.011
4947.47014  15.737   0.011
4948.46662  15.730   0.010
4948.53431  15.740   0.010
4953.52682  15.734   0.010
